id,50000_units,5000_units,500_units,50_units,5_units
1,10000,2500,100,15,3
2,600,400,100,30,20
3,900,400,60,20,10
5,1000,125,50,20,5
4,800,300,150,100,50
6,8200,835,100,60,30
7,8000,2500,1200,500,350
8,3000,800,400,100,30
9,439.26,175.7,76.87,10.98,5.49
10,1000,500,200,100,20
11,150,75,50,25,5
12,8000,900,100,90,80
13,2500,750,250,150,125
14,2500,250,42,10,2
15,1149.22,405.61,236.6,60.84,27.04
16,369.95,184.98,92.49,49.33,43.16
17,2500,400,50,20,7
18,1500,300,50,20,10
19,200,150,120,60,20
20,975,235,45,27,9
21,6800,1000,225,80,35
22,850,174,17,2,1
23,600,190,75,50,10
24,1000,500,200,100,50
25,5000,650,150,50,25
26,878.81,608.41,338.01,101.4,81.12
27,200,100,50,30,10
28,300,200,100,30,15
29,4316.11,924.88,246.63,73.99,30.83
30,1500,400,200,100,50
31,380,75,70,50,20
32,200,100,50,25,10
33,950,300,100,40,15
34,3800,450,180,20,6
35,1800,400,100,50,20
36,450,200,100,49,25
37,2028.03,676.01,236.6,30.42,16.9
38,1109.86,739.9,246.63,215.81,123.32
39,1098.15,549.08,274.54,164.72,65.89
40,300,75,35,15,5
41,1500,400,200,125,100
42,6165.87,616.59,61.66,12.33,1.23
43,200,180,150,100,50
44,3000,600,165,39,15
45,900,300,70,10,1
46,3576.21,1183.85,215.81,55.49,24.66
47,1800,500,100,25,10
48,700,200,100,60,40
49,1195,450,100,15,3
50,3000,400,100,50,20
51,8000,1800,300,100,50
52,1000,100,5,2,1
53,1563,667,50,13,3
54,4932.7,1479.81,493.27,246.63,37
55,6000,850,180,80,30
56,616.59,123.32,61.66,37,12.33
57,5000,2500,250,25,10
58,616.59,369.95,73.99,37,18.5
59,1279.23,255.85,153.51,127.92,15.35
60,1250,995,275,125,75
61,2000,525,175,50,5
62,1647.23,439.26,98.83,32.94,16.47
63,200,100,50,35,25
64,1100,150,15,5,2
65,2000,300,150,30,10
66,3000,800,500,100,50
67,2000,900,340,90,35
68,1603.13,493.27,73.99,24.66,8.63
69,541.28,231.98,23.2,7.73,3.87
70,2500,500,150,65,20
71,5000,1500,550,200,100
72,10000,900,90,10,5
73,3000,400,50,10,5
74,3294.45,603.98,219.63,109.82,87.85
75,1647.23,329.45,65.89,43.93,21.96
76,2745.38,439.26,153.74,21.96,10.98
77,5000,1400,175,50,20
78,616.59,110.99,37,6.17,3.7
79,3000,1000,500,300,200
80,1000,800,450,250,100
81,7500,1000,100,10,1
82,1000,300,25,10,5
83,600,200,100,60,15
84,265,45,13,4,2
85,500,75,55,35,25
86,616.59,221.97,123.32,61.66,37
87,450,100,20,5,2
88,1126.84,375.61,75.12,37.56,7.51
89,450,175,35,15,5
90,678.25,184.98,92.49,37,6.17
91,1200,400,200,120,30
92,1000,100,10,5,1
93,100,50,15,5,1
94,500,250,100,50,30
95,4392.6,2196.3,219.63,21.96,10.98
96,800,400,200,50,20
97,274.54,54.91,27.45,5.49,1.1
98,110,45,30,20,15
99,2500,300,100,40,15
100,2500,500,125,25,5
101,750,100,75,50,25
102,5500,1500,250,50,15
103,10000,1250,250,100,20
104,600,75,15,10,5
105,329.45,65.89,21.96,10.98,8.79
106,330,170,120,70,30
107,3000,600,250,105,50
108,4316.11,678.25,61.66,37,12.33
109,1000,250,150,75,20
110,10000,1000,360,120,50
111,10000,1500,150,15,5
112,2750,415,210,150,75
113,3000,500,300,50,25
114,100000,9000,750,60,4
115,2500,500,100,25,10
116,1356.49,147.98,86.32,49.33,24.66
117,2000,300,100,30,5
118,800,100,40,10,5
119,1849.76,246.63,37,14.8,12.33
120,7.06,0.71,0.07,0.04,0.01
121,5000,500,50,20,10
122,1502.45,187.81,56.34,26.29,18.78
123,10517.17,1051.72,93.9,56.34,15.02
124,4000,750,200,100,50
125,1058.96,211.79,112.96,84.72,56.48
126,250,200,150,100,50
127,5000,450,75,40,20
128,400,250,100,50,15
129,300,100,25,10,5
130,650,200,100,50,25
131,5000,700,100,10,2
132,4131.75,901.47,75.12,37.56,18.78
133,2500,1700,270,50,40
134,5647.78,282.39,112.96,56.48,28.24
135,878.52,549.08,329.45,274.54,164.72
136,300,30,3,2,1
137,100,50,25,15,10
138,750,150,30,10,5
139,1000,250,150,100,50
140,2500,400,150,50,35
141,1100,400,100,25,10
142,1600,200,40,25,10
143,5000,750,200,100,50
144,713.8,274.54,137.27,38.44,27.45
145,700,500,300,200,100
146,1500,500,200,150,50
147,160,55,22,17,6
148,15000,150,20,14,5
149,870,530,430,130,40
150,200,110,50,40,20
151,3500,750,175,50,15
152,250,100,50,25,10
153,2000,200,25,5,1
155,4392.6,1098.15,823.61,307.48,54.91
154,700,347,200,70,4
156,3756.13,751.23,187.81,131.46,37.56
157,600,120,50,10,2
158,8500,1000,300,80,50
160,100,40,20,5,4
161,3380.05,236.6,54.08,16.9,13.52
159,400,150,120,70,12
162,500,300,200,150,100
163,12500,2000,250,200,175
164,6588.9,1317.78,274.54,137.27,54.91
165,600,200,80,45,25
166,4000,500,125,25,10
167,5490.75,768.71,131.78,65.89,32.94
168,1000,150,50,25,10
169,2000,135,55,20,5
171,200,100,50,20,10
170,2800,1000,400,150,100
172,500,250,30,5,3
173,200,50,20,15,7
174,375.61,150.25,56.34,18.78,7.51
175,1000,175,100,50,25
176,307.02,204.68,153.51,127.92,25.58
177,5490.75,658.89,241.59,82.36,54.91
178,7500,750,150,30,10
179,250,180,80,20,10
180,450,90,68,45,20
181,1479.81,493.27,147.98,49.33,14.8
182,10000,100,40,20,5
183,1500,300,175,50,25
184,1500,590,290,75,30
185,1500,300,200,100,99
186,54907.52,5490.75,549.08,54.91,5.49
187,200,80,35,25,10
188,1500,500,100,10,5
189,1250,275,68,38,6
190,2500,300,120,15,8
191,200,100,60,25,10
192,100,50,10,2,1
193,5,4,3,2,1
194,1000,50,30,20,15
195,500,200,100,50,25
196,5000,1000,400,100,50
197,1647.23,329.45,197.67,164.72,109.82
198,1250,200,35,25,10
199,800,199,99,25,15
200,30000,3000,300,30,3
201,716.37,281.43,153.51,58.84,40.94
202,800,400,200,100,50
203,500,100,50,25,5
204,2000,300,40,20,10
205,350,125,65,35,15
206,360,180,105,36,12
207,250,150,55,20,10
208,4700,600,160,35,25
209,300,200,50,30,7
210,1000,400,100,25,10
211,2000,300,60,30,20
212,6165.87,3082.94,431.61,61.66,30.83
213,480,110,80,50,20
214,5271.12,823.61,219.63,109.82,98.83
215,1200,250,125,22,4
216,750,200,125,75,50
217,4200,500,75,10,5
218,750,150,25,5,1
219,995,295,95,29,10
220,4500,1000,555,200,100
221,1500,200,50,15,10
222,800,450,250,60,10
223,9000000,500000,105000,9000,500
224,85,40,10,5,2
225,3500,400,105,14,7
226,2196.3,329.45,109.82,54.91,32.94
227,850,450,125,50,20
228,5000,475,75,25,5
229,4932.7,986.54,308.29,123.32,61.66
230,2500,900,200,70,25
231,1000,275,100,50,30
232,5500,1200,300,50,25
233,500,250,45,15,5
234,2466.35,554.93,49.33,12.33,6.17
235,10,9,8,7,5
236,10,9,8,7,5
237,10,9,8,7,5
238,4500,750,100,50,25
239,1000,350,120,50,15
240,9000,3000,500,300,60
241,1000,500,100,30,15
242,2500,500,100,50,20
243,1800,230,35,15,8
244,2000,200,20,7,5
245,150.25,22.54,15.02,7.51,3.76
246,5,4,3,2,1
247,2500,400,50,15,5
248,2000,1000,300,200,50
249,550,85,40,35,25
250,6588.9,1317.78,461.22,329.45,164.72
251,3699.52,1233.17,369.95,73.99,24.66
252,933.43,384.35,197.67,76.87,32.94
253,933.43,384.35,197.67,76.87,32.94
254,1200,120,15,4,2
255,1500,1000,450,150,20
256,4000,600,150,35,15
257,5000,1500,500,75,20
258,2500,250,25,10,5
259,450,65,35,25,10
260,1665,165,20,5,1
261,3000,250,40,8,1
262,507.01,236.6,169,101.4,20.28
263,800,280,90,15,5
264,100,20,10,5,1
265,12500,1500,150,20,10
266,5000,500,50,20,5
267,5000,750,200,60,25
268,346.57,86.64,27.73,8.66,3.47
269,3000,350,40,20,5
270,1000,240,80,79,46
271,1500,500,100,25,10
272,10000,3000,300,200,100
273,250,120,57,37,17
274,270,90,30,20,10
275,1400,360,100,50,15
276,3500,500,80,40,10
277,725,300,150,50,10
278,20,10,5,2,1
279,1000,100,50,10,5
280,3750,400,125,35,15
281,5000,2500,500,250,100
282,6000,680,200,150,100
283,1500,250,50,10,5
284,1500,500,200,50,20
285,600,100,40,20,10
286,500,100,35,25,15
287,3000,450,90,18,8
288,5000,1500,1300,1200,500
289,1999,150,25,15,10
290,845,175,110,80,35
291,1500,175,50,20,5
292,9000,1100,150,40,35
293,800,500,125,30,16
294,1000,350,175,100,25
295,500,250,100,30,20
296,750,500,250,100,30
297,4500,500,200,150,50
298,400,150,40,15,7
299,1232.07,739.24,246.41,123.21,49.28
300,4000,400,70,13,4
301,800,200,100,55,25
302,2200,875,100,16,10
303,1600,275,95,30,5
304,2500,750,300,100,50
305,1100,650,100,30,10
306,1750,275,175,120,50
307,2470.84,384.35,38.44,16.47,8.79
308,1500,500,200,100,30
309,500,250,150,50,15
310,4000,1000,500,350,175
311,6000,600,250,100,80
312,500,90,70,50,20
313,2000,200,15,4,1
314,7000,1000,120,25,20
315,10,9,8,7,6
316,3000,350,200,150,100
317,1233.17,184.98,30.83,6.17,1.23
318,1500,400,150,50,20
319,2500,250,25,10,5
320,900,100,35,20,10
321,2500,365,100,40,15
322,47.35,15.78,6.31,3.16,0.63
323,5000,1250,250,25,5
324,1600,800,200,25,15
325,8000,800,80,8,1
326,3294.45,713.8,120.8,43.93,32.94
327,985,285,85,15,10
328,100,50,40,5,1
329,2000,400,150,50,25
330,5000,3500,400,50,5
331,2500,300,60,20,10
332,3000,600,300,100,50
333,10000,2000,120,25,5
334,2500,1500,750,625,500
335,1233,155,39,25,15
336,5000,1000,300,100,50
337,600,225,150,100,60
338,125,100,75,25,10
339,2500,300,60,25,10
340,8236.13,823.61,384.35,108.72,93.34
341,1500,750,500,450,200
342,1500,250,75,40,15
343,1800,550,120,30,10
344,2000,200,50,35,10
345,2000,200,100,70,50
346,3074.82,461.22,241.59,98.83,38.44
347,164.72,54.91,27.45,3.29,1.1
348,300,200,100,60,30
349,150,75,50,25,5
350,800,150,50,12,2
351,1500,775,295,75,50
352,200,199,99,49,15
353,616.59,246.63,73.99,49.33,24.66
354,1800,420,120,60,38
355,700,250,150,50,10
356,3500,750,350,65,20
357,250,80,40,15,10
358,3500,1000,300,45,25
359,12300,900,125,40,30
360,1270.75,211.79,35.3,21.18,16.94
361,1000,150,75,50,10
362,20000,2000,200,20,2
363,10000,1700,250,80,40
364,300,100,30,20,5
365,1500,150,25,10,5
366,900,300,100,50,10
367,20000,1500,150,15,2
368,1976.67,603.98,197.67,49.42,27.45
369,80,30,25,10,2
370,2600,200,40,10,5
371,2400,325,70,18,2
372,1000,300,50,30,10
373,15000,1000,200,50,10
374,4000,600,80,50,40
375,1024,128,10,9,8
376,600,150,100,50,25
377,0,0,0,0,0
378,500,250,125,45,10
379,10000,850,100,40,1
380,4000,400,65,20,5
381,100,40,20,10,5
382,200,100,50,30,15
383,600,250,75,10,5
384,800,100,20,10,5
385,1000,500,100,50,10
386,5000,1000,200,60,50
387,1200,300,150,50,10
388,823.61,329.45,164.72,82.36,54.91
389,5000,500,75,25,5
390,4500,800,175,75,25
391,61.66,30.83,12.33,6.17,1.23
392,1250,600,200,80,25
393,1250,250,50,25,15
394,1500,250,50,20,15
395,10000,1000,100,10,5
396,1500,500,150,25,15
397,863.22,147.98,37,12.33,6.17
398,200,15,10,2,1
399,2466.35,493.27,184.98,73.99,24.66
400,350,150,50,35,20
401,600,180,60,39,30
402,1000,400,100,25,10
403,35000,1500,500,120,50
404,100,50,25,10,5
405,9000,1500,150,50,30
406,3000,300,50,20,5
407,390,118,45,15,8
408,15104,2854,540,103,21
409,2500,300,50,10,5
410,5000,450,70,10,5
411,900,320,225,200,65
412,3000,380,55,25,7
413,2500,400,250,150,45
414,10000,1000,100,10,2
415,5000,2500,600,350,200
416,1200,400,250,100,50
417,8500,700,150,65,35
418,6000,1250,250,50,10
419,3000,390,65,11,3
420,2500,350,70,12,10
421,1000,500,100,25,10
422,250,50,15,10,5
423,4000,400,50,10,1
424,150,70,15,5,3
425,400,150,50,20,5
426,1425,288,65,12,3
427,2000,900,80,40,10
428,9500,925,75,55,15
429,2500,750,300,85,25
430,850,250,100,55,40
431,1200,450,250,150,75
432,3000,300,80,60,40
433,1000,500,250,150,25
434,1500,300,100,50,25
435,1000,300,100,75,20
436,9850,725,150,25,10
437,10000,300,275,150,125
438,1250,250,20,3,1
439,400,100,75,20,5
440,3200,400,300,150,75
441,300,65,30,10,3
442,10500,1500,150,15,5
443,5000,500,50,15,5
444,200,100,30,15,1
445,949.54,326.79,113.45,39.46,14.8
446,1300,275,100,30,5
447,1000,120,40,20,10
448,20000,3000,650,350,250
449,800,125,15,3,2
450,3500,600,250,200,175
451,3500,2000,250,75,50
452,2000,500,150,60,30
453,175,50,40,20,10
454,500,300,125,75,50
455,1000,200,50,40,20
456,200,100,20,5,1
457,6000,600,60,6,2
458,750,250,125,50,25
459,2200,600,250,85,30
460,450,250,200,75,65
461,1250,120,80,40,20
462,2400,1000,100,25,10
463,500,150,20,5,1
464,1400,200,60,20,8
466,1000,250,50,35,5
465,5000,250,75,25,10
467,2000,300,100,20,10
470,1000,500,250,100,50
468,500,200,175,125,100
471,900,115,25,8,2
469,924.88,123.32,61.66,18.5,6.17
473,5500,650,75,32,20
474,750,200,48,8,4
472,1500,150,60,20,5
476,2500,1000,250,50,25
475,111602.33,11098.57,986.54,92.49,12.33
477,1750,300,80,10,2
478,800,400,200,50,25
481,1500,150,15,2,1
480,369.95,98.65,14.8,6.17,3.7
479,160,100,42,19,3
483,2000,500,60,20,5
482,4500,400,60,35,20
486,2500,150,60,15,7
484,2500,500,200,30,10
487,850,400,115,22,5
488,10000,1000,45,20,10
485,200000,4000,450,45,15
490,1372.69,274.54,82.36,16.47,13.18
489,1500,400,175,25,10
491,3000,600,60,6,1
493,1500,200,25,10,2
495,3500,500,80,12,5
492,5000,300,200,50,25
494,500,75,30,20,15
496,3000,500,200,100,50
497,1000,500,50,10,7
501,3000,470,50,10,5
498,500,250,75,40,20
500,2466.35,493.27,92.49,37,8.63
502,1000,400,83,50,25
499,1500,150,15,6,1
504,500,125,25,10,5
503,10000,2000,400,250,100
505,2539,991,238,40,10
506,1500,300,150,50,15
508,4000,3000,300,40,15
507,3100,300,150,50,10
510,2500,450,50,15,10
511,3000,300,30,10,1
509,1200,600,250,90,50
512,500,25,3,2,1
513,50000,15000,1000,75,35
514,2000,600,100,16,8
515,2000,500,200,100,75
517,400,80,25,15,5
516,100,50,10,5,2
518,5000,500,200,100,50
519,9000,1000,150,40,15
520,1100,275,70,35,9
521,1233.17,123.32,61.66,12.33,1.23
522,1000,400,150,80,40
523,5000,750,250,50,15
524,50000,5000,800,25,5
525,1000,500,250,100,50
526,1000,125,50,20,10
527,6000,750,100,15,10
528,2000,400,125,35,10
529,1500,330,100,40,30
530,1750,290,60,15,3
531,5000,1000,100,20,2
532,450,125,100,50,15
533,3000,550,110,35,4
534,7500,250,50,30,15
535,5000,1200,200,25,10
536,2900,475,140,20,5
537,2500,250,100,25,10
538,1000,500,175,100,75
539,4200,350,70,20,5
540,1500,400,40,10,5
541,875,375,100,75,35
542,500,100,20,10,5
543,4685,475,89,32,6
544,4000,800,200,30,5
545,5000,500,200,50,25
546,300,80,40,15,5
547,3500,400,100,20,5
548,2466.35,246.63,37,16.03,6.17
549,5000,500,50,30,20
550,1200,350,150,60,20
551,750,100,8,4,1
552,750,100,50,35,20
553,1000,100,35,15,5
554,9500,1500,250,30,25
555,3000,500,75,25,15
556,4000,500,300,50,20
557,5000,500,50,10,5
558,450.74,262.93,150.25,75.12,18.78
559,3000,600,125,20,3
560,986.54,585.76,308.29,98.65,37
561,1000,250,30,20,10
562,998,344,119,42,15
563,2500,500,200,75,10
564,1800,800,225,150,75
565,1100,750,65,15,12
566,800,100,50,20,10
567,950,300,100,25,5
568,5000,800,100,18,15
569,5000,1000,300,150,50
570,493.27,184.98,61.66,7.4,1.23
571,4000,750,250,150,75
572,250,100,50,25,5
573,438.16,274.54,108.72,54.91,20.86
574,1000,100,20,10,3
575,5000,1000,400,150,75
576,1233.17,616.59,123.32,49.33,18.5
577,8000,2000,350,50,5
578,1000,600,200,75,25
579,1000,500,140,65,3
580,511.69,255.85,102.34,51.17,25.58
581,500,150,75,30,15
582,1800,600,100,60,12
583,1250,600,250,50,45
584,1500,200,50,20,10
585,8250,1100,220,27,22
586,300,55,50,20,10
587,2600,550,185,110,75
588,1200,200,50,25,5
589,5000,375,25,5,1
590,1500,400,160,50,30
591,3000,350,150,50,15
592,750,175,50,15,10
593,500,65,50,25,10
594,1000,600,250,90,40
595,2200,400,175,125,75
596,7500,950,120,35,25
597,1500,425,150,100,75
598,600,250,50,10,3
599,1000,275,250,25,10
600,369.95,141.82,92.49,49.33,30.83
601,500,200,80,40,20
602,500,100,50,25,10
603,200,100,25,5,1
604,1500,250,35,10,5
605,2000,500,100,10,5
606,3100,410,225,48,35
607,3756.13,375.61,75.12,37.56,3.76
608,1500,400,100,30,15
609,6000,1000,200,100,50
610,400,175,75,40,15
611,800,100,50,40,30
612,1000,500,250,150,100
613,2360,586,215,62,15
614,4000,480,200,100,80
615,1000,500,75,20,10
616,600,125,50,12,6
617,308.29,184.98,123.32,61.66,24.66
618,2300,375,75,35,20
619,400,150,45,15,10
620,450,150,25,20,15
621,500,75,30,7,3
622,300,100,50,30,15
623,700,250,100,40,10
624,1500,375,50,10,5
625,1000,500,200,100,25
626,2000,100,40,15,5
627,8000,1000,150,25,15
629,2000,250,50,20,10
628,800,300,120,25,10
630,1200,200,40,10,5
632,2000,700,250,50,25
631,1233.17,369.95,123.32,37,12.33
633,450,189,150,16,7
634,5000,1000,200,30,1
635,2000,500,400,300,250
636,3380.05,676.01,169,54.08,20.28
637,600,350,100,20,10
638,750,150,75,10,5
639,800,400,250,150,75
640,500,150,30,10,5
641,2466.35,277.46,37,24.66,12.33
642,1000,150,125,100,50
643,5000,1000,150,100,40
644,500,50,30,6,5
645,998,344,119,42,15
646,400,47,19,14,5
647,5000,550,300,90,3
648,5000,800,300,100,50
649,3500,400,200,50,20
650,2500,500,75,10,5
651,1000,150,25,10,3
652,1000,750,150,25,10
653,3600,900,100,35,15
654,550,90,40,12,4
655,1750,340,75,15,3
656,2196.3,658.89,219.63,164.72,54.91
657,800,300,200,10,5
658,3500,1000,125,20,10
659,16000,1600,250,100,50
660,50000,5000,500,50,7
661,1100,250,60,15,4
662,600,150,20,3,1
663,2500,500,125,25,5
664,1000,800,400,200,100
665,750,75,35,10,5
666,1500,250,25,5,3
667,1500,500,100,60,20
668,3000,600,120,70,40
669,1000,300,45,10,3
670,350,200,150,100,60
671,2500,415,50,10,4
672,500,100,30,10,5
673,50,15,10,2,1
674,150,100,50,30,10
675,20000,2000,500,250,200
676,500,350,150,20,8
677,500,150,30,10,3
678,300,250,150,45,35
679,1000,400,150,75,50
680,150,45,20,10,5
681,1900,450,80,40,8
682,600,100,75,25,5
683,1500,250,25,5,1
684,1500,150,25,10,2
685,3500,400,200,100,80
686,1700,150,40,6,3
687,350,100,40,15,5
688,450,250,100,30,10
689,1000,200,50,10,2
690,500,100,25,15,10
691,705.97,254.15,169.43,98.84,70.6
692,500,100,50,20,5
693,1500,200,100,25,10
694,1250,250,50,10,2
695,500,100,50,25,15
696,2500,200,25,10,5
697,1100,200,125,100,10
698,3000,700,200,100,70
699,3600,680,68,20,3
700,3000,500,20,8,1
701,645,162,74,32,8
702,3074.82,549.08,219.63,109.82,54.91
703,10000,1500,300,60,12
704,2000,700,550,250,100
705,600,200,50,10,3
706,2000,250,75,50,25
707,1000,500,300,150,100
708,1000,350,30,7,5
709,400,200,100,40,5
710,1400,500,250,125,25
711,442,113,35,5,1
712,1500,300,75,25,5
713,2000,250,90,35,5
714,1499,499,135,15,2
715,2196.3,274.54,38.44,27.45,21.96
716,500,50,10,5,1
717,5000,344,119,42,15
718,15000,1500,150,15,2
719,369.95,184.98,61.66,37,24.66
720,2700,500,125,25,5
721,650,100,50,25,12
722,1000,75,40,25,10
723,250,50,30,20,12
724,6700,670,60,50,40
725,250,100,25,15,10
726,998,330,105,30,9
727,2500,600,300,150,100
728,3000,500,100,10,1
729,8000,1500,500,200,100
730,3250,312,172,50,10
731,1000,400,30,5,3
732,900,50,10,6,5
733,1250,250,65,12,3
734,3000,800,190,25,10
735,1550,400,150,30,20
736,165,51,15,4,3
737,500,50,30,20,15
738,800,500,300,38,19
739,5000,900,250,100,50
740,200,100,50,25,10
741,300,150,100,50,20
742,10000,1250,125,30,25
743,1700,500,150,40,12
744,2000,80,15,6,3
745,1999,799,149,49,21
746,810,385,151,54,22
747,600,50,15,5,2
748,2400,245,145,95,45
749,4000,700,150,25,5
750,2774.64,308.29,184.98,61.66,43.16
751,667,150,30,12,4
752,1000,200,50,10,5
753,3295,895,225,55,20
754,12500,1250,75,10,5
755,750,425,225,100,50
756,2000,200,20,2,1
757,5000,3000,400,100,25
758,500,200,50,20,5
759,658.89,329.45,142.76,60.4,9.88
760,2000,1000,350,150,80
761,1020,120,96,24,12
762,5000,500,100,40,10
763,2200,225,25,15,10
764,2000,400,300,50,40
765,100000,7000,700,400,200
766,2740,1250,250,50,5
767,1233.17,147.98,98.65,73.99,49.33
768,800,225,90,20,3
769,1000,700,130,35,10
770,1000,100,50,25,10
771,2000,250,30,10,2
772,1500,500,100,15,10
773,150,80,35,20,10
774,700,75,40,15,3
775,5,4,3,2,1
776,400,100,25,10,1
777,1000,250,70,49,19
778,5000,1200,200,65,40
779,8000,1000,130,50,30
780,4000,350,35,17,3
781,875,475,100,50,15
782,1250,250,50,10,2
783,3000,500,20,10,5
784,200,150,100,50,10
785,500,75,25,10,2
786,1000,325,50,25,10
787,1757.04,329.45,54.91,21.96,5.49
788,2500,800,200,50,15
789,1000,400,200,40,25
790,1250,250,50,10,2
791,150,50,30,15,10
792,5490.75,549.08,164.72,32.94,21.96
793,6000,600,100,25,15
794,400,200,48,5,2
796,1500,150,60,10,3
797,200,75,18,6,1
795,1400,400,150,25,4
798,500,150,50,25,5
799,1000,700,200,150,100
801,650,100,50,25,12
800,878.52,329.45,274.54,98.83,43.93
802,1500,281,50,5,2
803,6000,1500,300,45,5
804,1800,325,140,50,20
805,7500,1500,300,50,10
806,1000,250,100,75,50
807,400,225,100,15,5
808,3449.8,492.83,86.25,73.92,61.6
809,2500,500,250,90,85
810,1000,100,50,20,10
811,800,150,20,7,1
812,2000,300,30,5,3
813,3000,400,50,10,2
815,1000,100,50,10,1
814,100,50,30,20,10
816,100,75,50,20,5
817,700,57,5,2,1
818,350,55,29,19,10
819,1126.84,225.37,112.68,48.83,26.29
820,0.01,0,0,0,0
821,1300,180,30,5,1
822,200,60,50,40,30
823,1000,500,150,50,20
824,200,60,40,20,10
825,1000,200,50,6,3
826,1109.86,221.97,73.99,37,6.17
827,2500,150,100,75,50
828,5000,500,50,5,3
829,2161.4,254.28,38.14,7.63,1.27
830,4000,400,90,40,10
831,2500,300,75,25,10
832,4500,1000,150,50,25
833,3000,400,150,75,40
834,2500,350,60,50,40
835,1000,600,60,12,5
836,200,50,10,5,1
837,20000,2000,350,50,5
838,450,430,250,180,100
839,1000,250,50,5,1
840,40,20,5,2,1
841,800,400,150,75,50
842,3000,800,500,200,100
843,4000,400,50,30,5
844,150,50,35,10,2
845,1450,220,30,5,3
846,1000,300,75,15,5
847,500,250,25,5,1
848,7000,500,50,5,3
849,500,225,100,40,30
850,988.34,312.97,126.29,21.96,5.49
851,2100,800,180,40,10
852,800,150,75,40,15
853,5490.75,1482.5,203.16,40.63,21.96
854,7200,680,60,7,1
855,1500,175,75,50,10
856,179.09,35.82,8.19,4.09,2.56
857,1000,500,150,20,5
858,1500,300,100,50,25
859,2000,300,80,20,10
860,246.63,123.32,61.66,6.17,1.23
861,950,500,100,25,15
862,850,80,50,15,3
863,3500,700,250,30,7
864,1300,180,80,30,15
865,4700,550,130,45,20
866,17500,2500,350,40,35
867,500,200,100,50,40
868,1000,600,300,150,100
869,2000,500,250,150,75
870,600,50,25,15,10
871,1014.02,202.8,67.6,16.9,6.76
872,4000,600,100,20,8
873,750,150,70,30,20
874,300,60,40,20,5
875,750,180,30,15,10
876,150,70,20,10,7
877,12500,2500,250,25,5
878,1250,250,75,25,10
879,3000,1000,250,50,20
880,3000,700,200,10,1
881,3500,300,20,2,1
882,500,100,50,20,10
883,1750,450,170,48,10
884,750,250,150,70,8
885,658.89,219.63,54.91,10.98,5.49
886,549.08,219.63,32.94,16.47,5.49
887,850,227,80,35,11
888,1250,125,60,30,15
889,2000,500,300,150,70
890,15024.54,1502.45,187.81,18.78,6.01
891,625,150,100,65,50
892,2500,1200,125,50,10
893,1100,230,100,40,10
894,1000,350,125,100,50
895,4000,1800,800,400,300
896,80,20,10,5,2
897,5000,1000,300,125,100
898,2500,400,40,8,5
899,200,75,10,5,2
900,1000,200,150,120,100
901,2500,425,50,9,3
902,500,400,300,200,100
903,2196.3,329.45,241.59,164.72,71.38
904,1000,600,400,100,35
905,3000,1000,150,20,5
906,1000,100,15,10,5
907,2000,250,135,20,10
908,1800,550,150,40,12
909,1000,500,150,50,20
910,4000,500,60,10,5
911,2500,350,59,9,4
912,1647.23,439.26,164.72,32.94,10.98
913,1850,450,215,95,35
914,4941.68,549.08,82.36,10.98,5.49
915,500,400,300,200,100
916,1000,200,30,10,5
917,5000,500,100,20,10
918,507.01,101.4,47.32,27.04,13.52
919,10000,1150,135,15,2
920,10000,1100,140,60,50
921,5490.75,1647.23,439.26,219.63,54.91
922,16472.26,2196.3,549.08,219.63,109.82
923,4000,500,150,100,50
924,5000,1250,250,50,10
925,3000,500,150,100,75
926,2500,500,100,40,10
927,100,30,15,10,5
928,2500,400,50,20,10
929,1000,500,150,50,30
930,2500,650,100,40,20
931,9500,1000,150,25,5
932,200,125,60,40,20
933,6000,900,180,126,60
934,35000,15000,7500,3500,1500
935,3600,650,300,75,50
936,1500,350,75,30,10
937,3000,400,50,6,3
938,847.17,282.39,70.6,8.47,3.53
939,140,90,60,30,5
940,2500,500,125,20,5
941,3500,1000,200,70,30
942,1500,500,150,70,30
943,2532.83,316.6,94.98,25.33,12.66
944,5000,1500,500,100,20
945,120,55,45,25,3
946,400,250,75,30,15
947,4500,450,75,25,20
948,4500,1000,500,300,200
949,3500,400,50,20,10
950,20,15,10,8,7
951,1500,600,300,100,20
952,200,100,10,7,5
953,3600,415,210,115,60
955,1500,150,45,15,10
956,200,100,50,10,5
954,3500,500,125,75,25
957,4000,1000,375,100,30
958,10000,1500,200,25,5
960,5000,750,100,25,5
959,50,20,15,10,5
961,1500,500,100,20,5
962,1000,500,100,50,20
963,4000,800,300,150,50
964,2219.71,221.97,92.49,37,18.5
966,2000,500,200,50,20
967,3000,1000,300,60,25
968,250,75,15,5,1
965,2000,200,50,5,1
969,10981.5,5490.75,274.54,5.49,1.1
970,15000,1500,150,15,1
971,10000,1000,150,100,50
972,50000,5000,500,50,5
973,225,125,50,20,2
974,3000,830,240,70,20
975,4000,500,80,25,10
976,1000,100,25,20,10
977,768.71,164.72,54.91,24.16,5.49
978,5000,600,300,100,10
979,7500,750,100,35,20
980,5490.75,549.08,274.54,65.89,21.96
981,1000,200,80,40,25
982,2300,750,250,45,20
983,5000,750,500,200,100
984,1000,200,100,35,20
985,12180,2500,250,60,30
986,1800,200,120,75,30
987,1500,500,250,100,20
988,1500,280,200,150,70
989,13522.08,1352.21,187.81,48.83,30.05
990,10000,1000,100,10,1
991,2500,500,100,50,25
992,1900,450,220,80,45
993,5500,600,150,50,20
994,4000,700,350,150,50
995,2415.93,439.26,65.89,32.94,10.98
996,2500,1000,250,100,50
997,3700,400,70,30,20
999,12000,2000,300,45,15
998,10000,2000,500,100,25
1000,2000,500,100,25,10
1001,2500,1250,250,50,20
1002,300,100,50,5,2
1003,5000,1500,200,25,5
1004,5000,1300,150,20,5
1005,500,250,150,30,10
1006,5000,3000,1000,250,75
1008,8000,1000,150,20,5
1009,7500,500,100,15,2
1010,750,400,100,30,5
1011,7000,3000,1000,500,250
1012,3500,500,250,50,15
1013,1250,175,25,20,10
1007,2000,700,200,15,10
1014,3500,375,220,45,25
1015,2500,500,125,25,5
1016,12500,1250,125,15,1
1017,20000,1500,450,55,50
1018,5000,4000,1000,150,25
1019,3000,350,150,100,50
1020,1050,100,50,40,30
1021,1250,250,25,5,4
1022,8000,4000,1000,300,100
1023,405.61,236.6,169,101.4,20.28
1024,10300,1250,125,20,3
1025,90,50,40,38,30
1026,500,200,50,20,10
1027,3500,500,100,20,15
1028,500,75,15,5,1
1029,4000,1000,200,100,50
1030,2343.03,739.9,369.95,86.32,24.66
1031,12500,1000,200,25,10
1032,8500,1000,150,30,10
1033,70000,7900,800,85,30
1034,600,200,50,15,4
1035,9000,1500,200,30,5
1036,1200,800,200,150,80
1037,1000,500,200,100,5
1038,3000,400,90,16,3
1039,500,300,150,80,20
1040,1250,250,50,10,2
1041,4000,600,150,18,3
1042,2500,750,350,50,25
1043,2000,350,50,20,10
1044,500,100,50,15,10
1045,1878.07,187.81,15.02,3.76,2.25
1046,2500,350,40,20,18
1047,180,120,90,60,50
1048,6000,1000,200,150,50
1049,300,100,50,25,10
1050,1220,200,40,10,5
1051,280,150,100,50,30
1052,5500,670,70,40,20
1053,1500,850,250,160,80
1054,4392.6,713.8,373.37,164.72,76.87
1055,400,75,25,10,2
1056,200000,20000,2000,200,20
1057,750,250,100,50,25
1058,3294.45,439.26,186.69,131.78,54.91
1059,275,125,45,15,5
1060,1800,550,200,80,30
1061,921.05,573.04,143.22,71.59,35.77
1062,500,200,100,50,25
1063,1500,700,400,150,38
1064,9000,400,75,15,5
1065,800,200,100,60,30
1066,2250,675,200,75,40
1067,10000,1000,350,100,50
1068,1500,350,100,50,10
1069,10000,1500,250,50,10
1070,739.9,98.65,19.73,12.33,7.4
1071,2196.3,1098.15,549.08,109.82,43.93
1072,3000,340,40,15,5
1073,3990,550,95,55,45
1074,1535.08,767.54,511.69,307.02,204.68
1075,7500,1250,750,150,125
1076,2500,500,50,25,5
1077,3294.45,658.89,219.63,82.36,54.91
1078,250,75,25,15,12
1079,500,100,50,40,20
1080,60,25,12,5,3
1081,2000,300,100,40,20
1082,12700,2000,250,30,5
1083,3000,250,50,10,5
1084,3250,275,99,40,20
1085,900,150,30,15,10
1087,10000,1000,100,15,7
1086,1000,350,250,60,20
1088,2000,1000,150,10,1
1090,1023.39,767.54,76.75,25.58,10.23
1089,1184,800,300,175,50
1091,2500,500,100,50,30
1092,7500,750,400,250,100
1093,10000,800,150,15,5
1094,1500,550,250,80,25
1095,5000,2500,300,100,50
1096,5000,750,450,150,75
1097,700,100,23,7,5
1098,5000,1000,250,50,15
1099,3600,1000,250,150,100
1100,17000,900,100,15,5
1101,2000,250,100,25,15
1102,500,300,50,10,1
1104,200,150,80,20,5
1103,10000,3500,500,250,100
1105,2000,1000,300,120,35
1106,4932.7,986.54,221.97,61.66,24.66
1107,1000,100,25,5,1
1108,10000,2000,300,250,200
1109,1750,175,25,5,1
1110,5000,750,150,36,35
1111,10000,1000,100,10,1
1112,11550,2100,400,250,100
1113,1398.42,776.9,144.28,44.39,22.2
1114,3300,325,100,35,15
1115,1500,600,200,150,50
1116,1317.78,219.63,32.94,21.96,16.47
1117,1250,250,100,50,10
1118,4000,400,40,4,2
1119,400,70,30,15,7
1120,5000,1000,100,50,25
1121,25000,2500,250,100,50
1122,11000,1500,350,75,15
1123,2253.68,751.23,225.37,56.34,37.56
1124,700,100,75,50,40
1125,550,250,50,10,7
1126,750,100,20,10,2
1127,6000,3000,500,250,200
1128,800,180,60,45,30
1129,2500,250,38,17,6
1130,2000,320,80,32,18
1131,768.71,549.08,274.54,219.63,164.72
1132,1.21,1.01,0.6,0.08,0.01
1133,5000,500,100,50,20
1134,3000,350,40,4,2
1135,2000,350,50,5,1
1136,1500,200,100,50,35
1137,3040,460,150,149,140
1138,3000,400,150,75,15
1139,8000,1500,350,250,150
1140,900,500,100,70,5
1141,1000,500,100,50,10
1142,1000,200,50,25,5
1143,5000,500,250,25,5
1144,2000,1000,150,25,5
1145,1800,420,70,15,8
1146,1479.81,493.27,184.98,73.99,37
1147,2500,350,130,40,15
1148,5000,500,150,50,49
1149,1000,400,100,25,5
1150,1200,600,300,150,100
1151,1500,250,48,10,2
1152,1000,80,50,40,35
1153,4500,450,150,45,7
1154,300,120,60,40,25
1155,1000,700,400,150,50
1156,25000,2500,500,80,10
1157,110,100,50,35,12
1158,13,10,5,4,3
1159,250,100,75,30,20
1160,900,120,30,15,6
1161,50,25,20,10,5
1162,1416.61,472.2,142.76,54.91,10.98
1163,350,125,50,25,15
1164,100,50,30,15,6
1165,3000,1500,250,50,10
1166,200,150,100,50,30
1167,2500,500,75,10,5
1168,5200,650,450,175,50
1169,3000,350,150,50,40
1170,1280.47,640.24,298.78,213.41,85.36
1171,450,100,80,20,10
1172,5490.75,1098.15,329.45,109.82,54.91
1173,1800,300,200,150,120
1174,4500,400,60,15,3
1175,1500,500,250,100,50
1176,500,150,50,15,5
1177,2000,750,350,250,200
1178,3000,500,120,65,40
1179,1000,300,80,40,10
1180,1000,150,50,20,10
1181,990,336,111,30,7
1182,5490.75,549.08,109.82,32.94,5.49
1183,2000,1500,600,150,15
1184,1000,400,250,150,100
1185,15000,2000,1200,600,300
1186,1000,105,35,19,10
1187,658.89,422.79,126.29,32.94,27.45
1188,6600,660,200,100,50
1189,1000,300,200,150,75
1190,1300,250,75,15,4
1191,850,250,75,47,33
1192,1000,200,50,10,2
1193,600,100,25,20,10
1194,9300,900,90,9,2
1195,17500,1750,175,50,35
1196,500,200,100,50,25
1197,1098.15,219.63,82.36,27.45,10.98
1198,5000,500,250,100,50
1199,1100,750,500,150,50
1200,1500,250,75,25,20
1201,2500,280,35,15,6
1202,1100,200,100,50,25
1203,10000,1000,250,100,50
1204,550,250,150,50,10
1205,6700,900,166,22,14
1206,2100,350,150,25,10
1207,2745.38,549.08,109.82,27.45,5.49
1208,3000,300,20,10,5
1209,1500,500,50,25,10
1210,775,275,45,10,5
1211,2250,250,20,10,5
1212,800,250,90,50,15
1213,3500,600,75,25,15
1214,550,275,65,20,9
1215,2000,200,20,19,18
1216,2500,350,150,100,50
1217,1000,180,80,50,10
1218,5000,1000,300,40,5
1219,1250,450,65,12,2
1220,55000,4500,450,50,10
1221,15000,480,160,62,30
1222,1500,250,50,10,5
1223,500,20,5,2,1
1224,2500,275,75,25,10
1225,9000,1000,200,40,5
1226,13176.71,2634.46,383.25,273.44,164.72
1227,2500,300,60,10,3
1229,4500,1000,500,350,100
1230,2500,300,100,25,5
1228,7500,100,75,50,15
1231,2000,350,50,30,25
1232,1400.04,525.02,262.51,175.01,140
1233,1050,250,100,65,50
1234,2219.71,357.62,55.49,18.5,7.4
1235,2745.38,549.08,175.7,131.78,60.4
1236,10000,1000,100,10,1
1237,1647.23,658.89,274.54,60.4,54.91
1238,20,10,5,2,1
1239,1250,150,40,15,5
1241,3000,400,100,50,15
1240,878.52,329.45,164.72,21.96,10.98
1242,878.52,658.89,274.54,219.63,218.53
1244,10000,3000,400,50,40
1243,8895.02,933.43,109.82,54.91,43.93
1246,4250,425,75,40,20
1245,1063,106,15,5,2
1247,15000,1500,150,15,5
1249,5000,2500,250,50,25
1248,2000,200,60,40,30
1250,3000,750,500,250,200
1251,2500,500,80,40,20
1252,1500,150,25,15,10
1253,5000,800,90,10,5
1254,5500,1000,300,100,25
1255,600,300,95,60,10
1256,400,55,30,20,10
1257,5000,400,200,50,5
1258,1000,575,125,25,5
1259,2500,750,100,25,15
1260,4500,750,300,250,200
1261,5000,749,74,24,12
1262,800,450,125,75,15
1263,6000,2500,250,100,30
1264,300,100,30,20,10
1265,50000,2500,500,300,100
1266,8000,1500,300,40,10
1267,1233.17,246.63,61.66,24.66,12.33
1268,3500,550,150,85,50
1269,549.08,384.35,82.36,32.94,10.98
1270,4000,400,200,80,20
1271,616.59,246.63,92.49,61.66,6.17
1272,1800,200,75,60,50
1273,2500,1650,650,150,50
1274,1400,500,175,45,5
1275,500,50,25,15,5
1276,6588.9,878.52,175.7,21.96,3.29
1277,700,300,75,25,10
1278,3999.46,540.29,197.67,148.25,49.42
1279,2500,450,250,75,10
1280,1225.04,262.51,52.5,17.5,8.75
1281,1497,175,49,34,25
1282,2500,1000,400,150,50
1283,1690.03,236.6,118.3,33.8,6.76
1284,3051.38,381.42,127.14,50.86,25.43
1285,2500,500,150,30,25
1286,550,250,150,100,80
1287,4500,500,75,40,20
1288,1500,400,200,150,100
1289,3294.45,547.98,93.34,43.93,27.45
1290,3000,400,200,50,10
1291,750,200,75,25,15
1292,4000,500,200,25,5
1293,2000,350,250,170,70
1294,878.52,329.45,109.82,32.94,10.98
1295,2000,500,100,40,10
1296,8000,1000,500,251,200
1297,6000,600,60,6,3
1298,5000,1000,500,300,100
1299,1500,450,250,100,50
1300,1895,255,130,30,11
1301,3000,380,150,40,10
1302,100,50,25,10,5
1303,900,200,25,10,5
1304,5490.75,549.08,329.45,274.54,164.72
1305,246.63,123.32,61.66,37,12.33
1306,5000,1000,350,250,100
1307,3000,520,390,120,20
1308,2500,250,25,10,5
1309,2500,300,50,15,5
1310,500,50,25,15,5
1311,10000,1000,150,100,50
1312,2000,350,120,115,110
1313,3000,1000,350,300,200
1314,1200,400,75,20,10
1315,150000,15000,1500,150,15
1316,50000,5000,500,50,10
1317,2500,350,150,100,50
1318,1500,350,90,50,5
1319,500,250,100,50,20
1320,10000,1650,270,44,5
1321,988.34,439.26,274.54,87.85,54.91
1322,351.41,175.7,87.85,43.93,21.96
1323,1300,350,150,40,10
1324,1000,150,75,25,20
1325,3500,500,150,75,30
1326,109815.05,10981.5,1098.15,109.82,10.98
1327,2500,500,100,20,3
1328,6165.87,739.9,92.49,18.5,6.17
1329,2500,350,120,30,15
1330,2280,525,200,50,15
1331,340,220,150,45,20
1332,4000,1000,90,30,15
1333,3500,650,245,48,20
1334,600,125,25,5,2
1335,200,100,40,7,3
1336,500,300,100,30,10
1337,450,300,250,150,90
1338,5000,1500,200,20,5
1339,2000,999,250,25,10
1340,420,280,120,90,30
1341,4000,900,250,75,50
1342,3843.53,1098.15,274.54,54.91,49.42
1343,2000,350,150,35,10
1344,50,40,30,20,5
1345,8000,3000,300,50,5
1346,10000,5000,500,50,10
1347,5000,1000,500,200,20
1348,3500,750,250,35,15
1349,1017,230,50,24,14
1350,600,300,150,100,50
1351,4000,550,360,192,100
1352,3000,300,100,15,3
1353,2000,250,50,10,5
1354,1000,115,37,36,35
1355,2000,200,25,5,2
1356,665,199,60,17,10
1357,3082.94,616.59,246.63,123.32,30.83
1358,9000,3000,1200,400,150
1359,6000,1800,400,120,30
1360,550,170,90,36,9
1361,1294.04,161.75,97.05,48.53,32.35
1362,1000,100,25,10,5
1363,300,100,15,8,1
1364,3294.45,329.45,27.45,5.49,3.29
1365,2040,250,60,50,30
1366,1255,205,95,25,15
1367,3600,450,250,50,20
1368,1000,500,100,15,5
1369,12500,1250,125,25,10
1370,10000,4000,500,200,150
1371,5000,1000,150,10,2
1372,300,40,7,3,1
1373,5000,800,250,50,20
1374,40000,4000,400,75,25
1375,17000,1890,220,30,10
1376,100,40,4,2,1
1377,1500,100,30,15,10
1378,400,350,200,175,25
1380,7500,1250,500,200,100
1379,11000,1300,1130,15,1
1381,10000,1400,150,20,18
1382,350,160,60,20,10
1383,500,100,10,5,1
1384,1500,500,200,75,25
1386,1500,500,200,50,10
1385,4000,750,200,100,50
1388,6165.87,1109.86,123.32,12.33,1.23
1387,745,155,65,35,18
1389,1800,350,75,15,6
1390,600,250,50,20,10
1393,7000,1700,270,60,15
1391,875,149,24,3,1
1394,17500,2410,342,40,15
1392,788.28,320.09,61.36,51.5,49.04
1395,2000,750,140,40,25
1397,350,200,50,10,5
1398,1000,500,100,50,25
1399,5000,1000,100,20,10
1396,415,108,58,33,20
1400,500,250,150,50,15
1401,2300,550,250,150,100
1402,4200,750,139,29,11
1403,3294.45,768.71,87.85,21.96,10.98
1404,600,100,50,10,4
1405,3000,775,200,100,25
1406,600,110,50,30,10
1408,600,60,30,15,10
1407,5000,1500,500,100,50
1409,10000,400,20,3,2
1410,1250,125,50,30,20
1411,1352.02,456.31,152.1,33.8,10.14
1412,100,50,20,15,5
1413,850,200,100,60,20
1414,8236.13,329.45,21.96,10.98,5.49
1415,10000,500,250,50,30
1417,2000,150,50,20,5
1418,50,25,20,10,5
1419,1500,150,40,15,7
1416,1000,800,300,40,20
1420,1500,350,250,150,75
1421,7000,2300,380,53,15
1422,10000,1000,100,30,15
1423,6588.9,823.61,164.72,137.27,109.82
1424,10000,500,250,50,10
1425,5000,1000,100,10,1
1426,2500,500,200,80,25
1428,2745.38,549.08,164.72,43.93,21.96
1429,25000,2500,248,25,10
1430,3843.53,713.8,274.54,164.72,87.85
1427,1098.15,109.82,54.91,27.45,5.49
1431,878.52,439.26,384.35,274.54,82.36
1432,20000,2000,200,20,15
1433,3000,300,55,30,20
1435,13750,1500,150,75,50
1434,8000,1000,250,75,25
1436,1647.23,329.45,164.72,109.82,54.91
1437,3000,500,100,20,10
1438,4941.68,713.8,219.63,192.18,137.27
1440,500,100,30,10,5
1439,300,150,40,10,2
1441,800,300,70,27,6
1442,4000,3000,2900,500,50
1443,5000,1000,300,50,25
1444,5000,500,100,75,50
1445,2000,400,100,60,3
1446,1647.23,823.61,329.45,137.27,32.94
1447,5000,800,200,40,10
1448,4000,500,250,75,25
1449,4000,700,150,60,40
1450,8000,1200,400,250,50
1451,2000,200,150,45,15
1452,300,200,100,25,15
1453,700,300,45,25,5
1454,5000,900,350,300,200
1455,1000,200,25,20,15
1456,2000,350,45,15,2
1457,2000,1200,450,100,50
1458,2300,600,225,115,75
1459,1647.23,439.26,32.94,21.96,16.47
1460,1000,200,50,20,10
1461,1500,550,250,75,25
1462,10102.98,1054.22,252.57,104.32,65.89
1463,1757.04,878.52,142.76,54.91,21.96
1464,550,350,200,75,25
1465,3500,350,50,5,1
1466,2639,300,85,45,30
1467,1849.76,493.27,123.32,61.66,30.83
1468,5000,450,200,20,10
1469,800,300,100,20,5
1470,200,175,75,25,2
1471,2500,1000,300,150,50
1472,2300,500,250,50,15
1473,9883.35,1976.67,1120.11,197.67,65.89
1474,800,350,200,35,5
1475,300,200,150,100,50
1476,4316.11,468.61,98.65,37,18.5
1477,11000,1700,270,70,50
1478,850,800,700,40,10
1479,750,150,75,50,15
1480,500,250,150,50,15
1481,700,250,150,20,2
1482,964.98,482.49,253.94,111.73,76.18
1483,2750,425,75,25,5
1484,2500,250,100,50,10
1485,750,425,100,50,20
1486,3600,600,400,150,75
1487,2196.3,768.71,219.63,49.42,21.96
1488,200,100,40,5,1
1489,1000,200,50,25,20
1490,200,100,50,30,10
1491,1000,100,50,49,48
1492,5000,500,50,5,1
1493,2000,300,90,40,25
1494,5500,574,48,10,5
1495,1647.23,549.08,82.36,21.96,5.49
1496,250,50,25,15,10
1497,2800,450,80,21,7
1498,75,30,20,5,1
1499,100,25,10,5,2
1500,461.22,373.37,285.52,153.74,65.89
1501,10000,1000,100,10,5
1502,100,30,20,10,5
1503,4750,475,50,45,40
1504,5000,300,150,30,15
1505,1849.76,616.59,184.98,61.66,24.66
1506,1000,150,90,50,25
1507,823.61,417.3,263.56,208.65,108.72
1508,3843.53,549.08,98.83,21.96,5.49
1509,1000,600,400,200,150
1510,1000,175,25,4,1
1511,4600,650,75,45,25
1512,352,243,101,46,20
1513,10000,1250,150,20,5
1514,6000,2200,350,40,10
1515,2500,495,135,15,4
1516,1279.23,639.62,127.92,25.58,12.79
1517,3000,700,150,40,20
1518,2000,250,50,25,15
1519,10000,1700,270,41,5
1520,1000,300,200,100,30
1521,1500,100,50,25,5
1522,6588.9,988.34,76.87,8.79,4.39
1523,2000,200,150,100,50
1524,1150,400,150,35,14
1525,4200,1250,350,60,5
1526,7500,750,400,300,250
1527,2704.04,304.2,33.8,6.76,3.38
1529,2000,200,15,5,1
1530,5000,700,300,140,10
1528,1500,200,100,60,50
1531,400,200,75,15,10
1533,3000,800,300,100,75
1534,1000,250,25,10,5
1535,4400,1000,200,40,15
1532,3000,500,180,130,100
1536,1200,400,130,40,10
1537,7500,850,200,45,25
1538,2100,400,120,20,5
1539,9250,900,100,15,2
1540,3900,749,149,89,49
1541,7500,1000,100,10,1
1542,1098.15,549.08,329.45,219.63,164.72
1543,3500,700,200,35,10
1544,2000,120,50,40,10
1545,9300,1000,420,370,320
1546,800,300,100,50,25
1547,4000,600,400,250,130
1548,4392.6,768.71,274.54,219.63,164.72
1549,5000,2500,400,175,25
1550,350,200,150,70,40
1551,2000,415,165,99,25
1552,1000,300,125,50,25
1553,1600,500,200,100,50
1554,900,100,50,20,5
1555,550,200,100,35,10
1556,6165.87,616.59,61.66,12.33,6.17
1557,225,75,50,25,15
1558,1200,300,250,200,100
1559,10000,1250,350,150,50
1561,5000,1250,250,50,20
1560,700,400,250,150,50
1562,700,300,100,25,15
1563,9248.81,986.54,123.32,18.5,6.17
1564,880,275,45,9,2
1566,4500,900,160,50,30
1565,3500,750,150,50,15
1567,2600,495,87,12,7
1568,6000,800,170,20,10
1569,1800,500,80,50,5
1570,10000,3000,1000,300,125
1571,5490.75,549.08,274.54,164.72,131.78
1572,2100,400,260,40,20
1573,7000,500,150,30,15
1574,5000,1000,200,25,20
1575,500,200,75,30,15
1576,4500,900,300,150,50
1577,2100,400,260,40,20
1578,4000,500,250,25,10
1579,300,200,150,75,25
1580,1500,500,225,40,10
1581,1000,400,150,50,10
1582,1233.17,308.29,61.66,12.33,6.17
1583,900,350,45,5,1
1584,700,150,75,15,2
1585,400,200,150,75,25
1586,4000,500,175,50,35
1587,5000,1000,400,300,25
1588,300,50,10,5,1
1589,400,200,30,10,5
1590,3600,525,275,150,80
1591,1000,500,250,100,5
1592,475,115,40,18,10
1593,2000,750,300,200,50
1594,2000,250,50,15,5
1595,1500,750,200,75,50
1596,750,250,75,25,5
1597,4000,550,96,6,5
1598,2500,500,90,15,3
1599,3800,1300,500,300,80
1600,1098.15,384.35,219.63,98.83,43.93
1601,1300,230,70,20,16
1602,1000,150,50,15,10
1603,2000,200,25,12,10
1604,2500,1000,400,150,50
1605,3843.53,713.8,109.82,54.91,32.94
1606,6250,1250,250,50,25
1607,2000,400,200,140,90
1608,2219.71,826.23,184.98,49.33,6.17
1609,2745.38,658.89,164.72,54.91,16.47
1610,900,300,50,15,5
1611,1000,250,80,20,10
1612,1500,500,300,100,80
1613,300,60,30,15,3
1614,246.41,98.57,73.92,36.96,12.32
1615,1500,300,150,25,5
1616,2855.19,636.93,219.63,32.94,13.18
1617,2500,350,100,20,3
1618,650,75,55,35,20
1619,1000,100,25,10,5
1620,8000,900,100,15,10
1621,5000,500,100,45,35
1622,3843.53,549.08,274.54,109.82,54.91
1623,1300,350,155,101,51
1624,10157.71,5078.85,1523.66,507.89,101.58
1625,4000,500,200,100,50
1626,3500,2000,250,25,15
1627,4932.7,616.59,184.98,61.66,24.66
1628,2500,500,100,40,25
1629,3294.45,878.52,175.7,32.94,10.98
1630,2600,450,125,25,20
1631,5000,500,50,5,1
1632,5200,1000,200,40,10
1633,10000,1000,200,80,60
1634,1000,100,10,8,5
1635,2000,600,120,70,40
1636,3699.52,739.9,123.32,30.83,12.33
1637,500,350,250,150,100
1638,10000,625,75,10,5
1639,1999,198,99,34,21
1640,500,100,20,10,5
1641,3000,580,80,15,5
1642,1000,500,250,100,10
1643,878.52,274.54,87.85,21.96,5.49
1644,6600,2000,425,85,25
1645,450,200,75,40,20
1646,8500,900,105,12,2
1647,1403.76,374.34,140.38,93.58,46.79
1648,6000,500,55,30,20
1649,3000,1500,800,200,100
1650,1757.04,494.17,219.63,43.93,21.96
1651,2000,350,100,40,25
1652,6165.87,801.56,191.14,187.44,184.98
1653,1000,500,100,50,20
1654,500,50,10,5,3
1655,1098.15,301.99,164.72,43.93,16.47
1656,500,100,25,5,1
1657,11268.4,262.93,187.81,18.78,1.5
1658,8000,1000,250,25,5
1659,2500,500,250,50,10
1660,6000,1200,120,16,12
1661,1200,460,58,14,3
1662,300,150,75,50,25
1663,4392.6,658.89,219.63,109.82,27.45
1664,103.55,51.78,31.07,20.71,10.36
1665,840,315,63,10,1
1666,700,180,60,12,3
1667,1000,200,60,10,5
1668,5000,500,50,25,20
1669,12500,1500,415,225,100
1670,5000,600,150,75,40
1671,6500,2000,300,250,100
1672,350,100,50,20,6
1673,500,175,20,10,5
1674,120,60,40,30,10
1675,5000,750,200,75,25
1676,50,15,10,5,1
1677,10000,1000,250,100,20
1678,5000,500,200,50,20
1679,2466.35,369.95,61.66,24.66,6.17
1681,900,250,55,25,20
1680,1098.15,411.81,153.74,60.4,21.96
1682,20000,3500,500,65,20
1683,2500,500,125,60,10
1685,1000,500,300,50,5
1686,1100,350,150,30,15
1684,4394.07,1014.02,169,54.08,16.9
1687,1310,998,205,56,18
1688,5750,750,300,265,264
1689,3000,700,125,25,10
1690,1976.67,845.58,291.01,126.29,54.91
1691,2000,300,150,50,30
1692,2000,1000,750,500,100
1693,500,200,35,20,10
1694,2500,650,100,25,15
1695,1000,300,100,50,20
1696,5000,2500,800,500,150
1697,500,80,50,20,5
1698,1000,300,100,30,10
1699,7000,2000,750,400,300
1700,7500,1125,338,225,175
1701,2500,150,80,30,15
1702,2000,400,65,30,20
1703,1750,650,300,150,100
1704,2000,750,350,150,50
1705,1098.15,274.54,131.78,54.91,38.44
1706,927.91,154.65,24.74,7.73,4.64
1707,1500,500,150,20,10
1708,3699.52,863.22,246.63,61.66,12.33
1709,6000,900,200,50,20
1710,700,200,100,50,40
1711,1500,700,300,100,50
1712,300,50,25,10,5
1713,4000,600,150,50,20
1714,800,500,150,50,10
1715,650,500,400,300,200
1716,10000,500,100,25,20
1717,7500,750,50,5,1
1718,5000,1500,300,30,10
1719,2196.3,329.45,49.42,6.59,5.49
1720,6999,1299,279,59,45
1722,10000,1500,300,30,3
1721,3000,500,150,100,50
1723,2200,590,100,20,16
1724,1200,400,80,15,5
1725,3082.94,369.95,61.66,24.66,12.33
1726,2000,250,75,40,25
1727,18000,180,18,8,4
1728,3400,1500,350,72,48
1729,505.15,151.54,40.66,28.34,6.9
1730,2500,500,75,25,3
1731,3000,550,150,40,25
1732,13000,1300,130,80,30
1733,6000,2500,800,400,100
1734,2001,699,99,25,18
1735,6000,600,150,22,8
1736,1500,500,150,60,40
1737,9248.81,924.88,92.49,9.87,1.23
1738,5000,1000,150,19,2
1739,1600,250,100,75,50
1740,20000,2000,200,20,2
1741,2700,450,180,90,45
1742,1232.07,369.62,197.13,147.85,73.92
1743,1000,300,50,25,10
1744,25000,2500,100,10,5
1745,3500,2000,1000,275,50
1746,10000,500,50,20,5
1747,2500,500,200,50,5
1748,1317.78,197.67,98.83,65.89,54.91
1749,2500,400,75,10,5
1750,1000,400,100,50,5
1751,500,250,50,10,5
1752,2500,250,75,30,15
1753,50,25,20,15,10
1754,600,100,60,40,20
1755,1000,500,50,10,5
1756,1005.42,804.33,703.79,603.25,70.38
1757,1000,150,45,25,15
1758,2000,400,200,95,65
1759,500,250,100,50,20
1760,3000,350,40,10,5
1761,50,40,30,20,10
1762,1000,300,190,125,50
1763,400,200,100,30,15
1764,1000,250,130,70,20
1765,150,70,30,20,10
1766,600,300,250,245,230
1767,1109.86,123.32,37,18.5,12.33
1768,500,50,25,15,5
1769,350,275,110,75,22
1770,650,175,50,8,6
1771,1750,750,200,75,25
1772,1700,500,250,180,80
1773,12500,1250,202,201,200
1774,15000,10000,1500,1000,150
1775,2466.35,431.61,92.49,30.83,18.5
1776,5500,580,325,40,25
1777,200,150,80,50,20
1778,1000,250,150,85,25
1779,5000,2200,500,100,50
1780,2495,245,20,10,5
1781,30000,5000,850,450,250
1782,1500,200,75,40,20
1783,2500,350,50,10,4
1784,10000,3500,350,50,10
1785,500,240,60,25,20
1786,998,344,119,42,15
1787,600,100,25,20,10
1788,1000,200,20,5,1
1789,1500,500,100,20,5
1790,5000,800,80,20,15
1791,6000,1000,500,250,100
1792,2500,400,50,30,20
1793,3000,500,50,20,5
1794,15000,1500,150,19,2
1795,15000,2000,300,100,50
1796,1000,200,50,35,10
1797,600,300,100,40,20
1798,12500,2500,300,251,250
1799,1849.76,246.63,123.32,24.66,12.33
1800,200,30,3,2,1
1801,1000,300,100,50,25
1802,1000,250,100,30,5
1803,5000,1250,550,250,75
1804,2217.73,443.55,234.09,86.25,24.64
1805,1750,675,250,50,15
1806,2196.3,494.17,219.63,32.94,27.45
1807,1000,100,10,8,3
1808,12500,1500,200,50,10
1809,4200,1650,250,50,20
1810,2000,500,100,10,5
1811,650,250,80,30,10
1812,5179.33,801.56,117.15,61.66,18.5
1813,1000,600,300,50,20
1814,3000,1500,500,250,100
1815,5000,640,125,60,30
1816,1800,270,45,17,10
1817,10000,2000,600,250,100
1818,150,100,50,30,20
1819,1500,850,125,75,35
1820,3750,500,100,40,20
1821,10000,1000,250,50,20
1822,4000,500,120,20,10
1823,1000,500,250,50,25
1824,998,500,400,40,30
1825,5000,1500,300,150,100
1826,1500,350,50,35,10
1827,102,101,100,50,2
1828,1014.02,405.61,135.2,13.52,1.35
1829,2733.3,877.42,218.53,31.85,9.88
1830,1000,350,150,25,15
1831,2500,300,50,15,5
1832,5199,1199,499,159,59
1833,1098.15,87.85,29.65,28.55,27.45
1834,10432.43,1372.69,192.18,27.45,8.79
1835,2500,1200,500,80,30
1836,43926.02,4392.6,439.26,54.91,5.49
1837,20000,2500,270,28,3
1838,6760.1,1014.02,101.4,67.6,20.28
1839,3500,200,50,10,5
1840,1000,120,20,3,1
1841,1500,300,100,50,25
1842,5731.82,699,181.74,167.76,139.8
1843,1000,500,150,50,20
1844,60000,12500,1750,250,25
1845,2086.49,1098.15,658.89,494.17,197.67
1846,1000,200,40,20,10
1847,3500,400,40,6,2
1848,500,100,50,35,30
1849,2300,500,100,15,2
1850,12500,1250,250,30,5
1851,6000,1000,175,100,50
1852,7687.05,878.52,219.63,109.82,54.91
1853,2466.35,616.59,123.32,18.5,12.33
1854,1000,250,50,25,10
1855,1160,200,100,50,25
1856,700,200,70,40,10
1857,5000,500,100,30,5
1858,2500,1000,200,50,20
1859,1650,500,100,15,10
1860,4000,1000,200,49,17
1861,549.08,329.45,274.54,109.82,54.91
1862,6588.9,2196.3,549.08,219.63,65.89
1863,4500,475,125,50,30
1864,6500,350,85,25,10
1865,1014.02,236.6,47.32,27.04,16.9
1866,439.26,219.63,164.72,32.94,4.39
1867,1200,290,100,35,25
1868,1500,600,200,75,25
1869,950,296,95,26,12
1870,10000,1500,250,35,10
1871,2000,500,100,20,10
1872,875.03,437.51,262.51,131.25,52.5
1873,7098.11,1892.83,507.01,338.01,236.6
1874,1750.05,525.02,131.25,87.5,61.25
1875,750,280,150,100,50
1876,9990,990,90,20,10
1877,1000,500,300,175,100
1878,900,500,300,150,50
1879,4000,500,125,25,10
1880,2500,500,250,50,10
1881,2000,200,150,20,5
1882,2500,280,40,10,5
1883,2000,750,450,50,10
1884,2000,300,75,15,5
1885,50000,6000,750,85,10
1886,3800,1500,500,200,100
1887,5000,600,125,50,25
1888,511.69,102.34,30.7,10.23,5.12
1889,2466.35,369.95,184.98,123.32,49.33
1890,20000,2000,200,20,2
1891,3000,500,70,7,3
1892,5000,500,100,10,5
1893,1933.15,386.63,69.59,21.65,7.73
1894,2500,500,160,40,15
1895,2500,250,100,45,20
1896,3000,500,100,20,2
1897,3500,500,250,100,50
1898,200,150,100,50,40
1899,3000,300,25,15,5
1900,12500,2500,500,100,20
1901,10000,1000,100,10,1
1902,4392.6,439.26,54.91,16.47,10.98
1903,616.59,308.29,123.32,61.66,24.66
1904,5000,700,300,100,50
1905,1537.41,373.37,54.91,16.47,7.69
1906,10000,2500,250,50,5
1907,3082.94,431.61,123.32,24.66,12.33
1908,400,80,30,10,5
1909,800,200,100,15,5
1910,5000,2500,450,250,150
1911,500,100,50,15,5
1912,3000,300,30,10,5
1913,3294.45,658.89,131.78,27.45,10.98
1914,5000,1000,600,250,120
1915,1000,500,170,8,3
1916,700,350,180,130,80
1917,4000,400,80,60,50
1918,369.95,147.98,98.65,55.49,37
1919,25000,2700,300,100,30
1920,1200,350,120,35,10
1921,1000,300,200,100,50
1922,2019,795,155,26,20
1923,739.9,369.95,184.98,49.33,12.33
1924,24663.5,1233.17,308.29,123.32,30.83
1925,1279.23,486.11,204.68,153.51,102.34
1926,7500,1000,200,20,5
1927,3294.45,823.61,164.72,27.45,10.98
1928,900,70,35,5,4
1929,1100,900,500,300,100
1930,15000,2000,300,45,5
1931,5000,1500,500,250,115
1932,4392.6,494.17,192.18,49.42,5.49
1933,6000,600,180,50,40
1934,32944.51,3843.53,549.08,109.82,32.94
1935,4000,950,200,50,10
1936,4941.68,494.17,49.42,16.47,5.49
1937,1200,150,75,20,2
1938,4000,850,300,100,30
1939,2500,300,100,35,15
1940,15000,2500,350,100,20
1941,16000,2500,1000,700,500
1942,329.45,164.72,76.87,27.45,21.96
1943,1500,300,100,30,5
1944,9883.35,2086.49,356.9,65.89,32.94
1945,500,175,80,60,45
1946,1313,1234,123,12,1
1947,1000,300,100,25,10
1948,4000,450,55,10,8
1949,5000,1500,1000,500,300
1950,700,350,60,35,10
1951,850,160,100,55,25
1952,3082.94,406.95,215.81,80.16,55.49
1953,1000,290,120,50,20
1954,1933,902,451,168,84
1955,800,300,180,90,30
1956,400,100,35,10,2
1957,500,250,100,15,10
1958,2550,600,125,100,50
1959,1610,275,90,30,10
1960,10000,1150,130,15,5
1961,3000,1500,250,150,75
1962,2466.35,739.9,493.27,308.29,123.32
1963,2525.75,461.22,43.93,16.47,6.59
1964,600,200,100,38,10
1965,5000,1000,250,30,5
1966,300,50,20,10,5
1967,3000,1000,150,50,10
1968,2500,450,200,30,15
1969,500,250,100,50,20
1970,995,330,115,95,13
1971,3000,1000,300,200,180
1972,768.71,384.35,329.45,109.82,54.91
1973,1300,300,60,30,20
1974,400,200,30,5,1
1975,7000,1000,350,150,50
1976,1000,500,200,50,20
1977,1500,300,150,60,30
1979,10981.5,1372.69,384.35,274.54,219.63
1978,150,40,20,7,3
1980,147,123,98,73,49
1982,2700,900,190,50,9
1983,6000,2500,1000,200,40
1984,8000,4500,2000,750,250
1981,2500,500,200,30,10
1985,900,400,150,30,15
1986,5000,350,80,55,25
1987,900,600,200,75,20
1988,1500,750,250,125,50
1989,555,200,100,50,45
1990,700,100,20,10,5
1991,600,250,175,100,75
1992,5000,800,150,75,50
1993,5000,800,400,200,150
1994,1502.45,225.37,37.56,33.81,30.05
1995,5000,600,60,6,2
1996,5000,650,100,15,3
1997,800,400,200,100,50
1998,1500,500,225,125,30
2000,823.61,274.54,98.83,38.44,21.96
1999,10000,1000,150,30,15
2001,10000,1000,250,100,50
2003,670,250,70,17,4
2002,5000,600,100,80,50
2004,26000,2400,330,60,10
2006,1275.11,637.55,382.53,255.02,191.27
2005,1000,250,125,50,20
2007,1647.23,658.89,219.63,109.82,43.93
2009,924.01,187.81,37.56,18.78,7.51
2008,6500,1000,100,75,50
2010,2500,1500,700,300,150
2012,20000,2000,200,20,2
2011,2500,500,250,50,10
2013,10000,5000,2000,150,50
2015,800,500,300,150,75
2014,2466.35,591.92,197.31,49.33,37
2016,5000,500,100,13,10
2017,10000,1000,125,20,2
2018,1098.15,483.19,197.67,82.36,32.94
2019,1000,175,20,10,4
2020,4500,500,55,25,5
2022,8800,1900,250,80,20
2021,3293.35,823.61,186.69,42.83,10.98
2023,500,300,100,50,5
2024,600,150,80,30,10
2025,658.89,329.45,274.54,131.78,65.89
2026,800,80,20,10,5
2027,1500,500,250,150,80
2028,5000,600,150,75,50
2029,2500,500,75,25,10
2030,3294.45,384.35,109.82,43.93,16.47
2031,5000,500,50,15,10
2032,8000,1000,150,15,5
2033,1500,250,100,50,25
2035,400,120,25,5,3
2034,1500,750,300,100,50
2036,225,120,65,15,5
2037,6000,700,100,65,40
2038,5000,500,250,50,10
2039,15000,1000,200,75,30
2040,7500,800,80,25,15
2041,400,200,100,35,20
2042,900,600,400,300,200
2043,1000,300,150,50,45
2044,750,80,38,18,12
2045,1849.76,1233.17,924.88,616.59,184.98
2046,50000,7500,1000,150,25
2048,2000,470,100,20,15
2047,15000,2000,300,50,25
2049,1500,300,130,30,5
2050,20,12,10,6,2
2051,2415.93,593,120.8,30.75,10.98
2052,2000,300,80,10,3
2053,25000,250,25,5,1
2054,7000,800,90,10,5
2055,4000,459,153,67,30
2056,6000,1500,300,60,20
2057,8785.2,988.34,219.63,38.44,21.96
2058,1500,500,400,300,150
2059,7000,3300,850,95,10
2060,1000,500,250,50,10
2061,1000,300,200,100,75
2062,440,240,120,40,30
2063,10981.5,1098.15,219.63,54.91,21.96
2064,500,100,25,5,1
2065,5000,1000,100,25,5
2066,7687.05,1647.23,164.72,109.82,54.91
2067,2525.75,439.26,329.45,109.82,54.91
2068,2253.68,319.27,112.68,37.56,18.78
2069,13500,2500,480,90,25
2070,2000,350,140,18,1
2071,935.84,93.58,46.79,28.08,9.36
2072,2000,500,200,100,25
2073,3600,425,225,80,60
2074,2745.38,549.08,142.76,54.91,27.45
2075,1750.05,437.51,87.5,17.5,8.75
2076,2500,250,175,100,50
2077,1500,375,100,20,2
2078,1500,200,100,50,45
2079,3074.82,384.35,164.72,54.91,5.49
2080,573.1,153.51,127.92,51.17,35.82
2081,3000,1000,120,35,15
2082,5000,300,100,35,15
2083,2000000,800,50,15,5
2084,2196.3,439.26,109.82,87.85,54.91
2085,1200,360,120,60,30
2086,4392.6,527.11,164.72,82.36,43.93
2087,549.08,109.82,43.93,10.98,5.49
2088,650,250,100,20,10
2089,600,200,36,10,1
2090,1500,150,100,80,50
2091,3348.71,532.75,165.45,77.21,27.57
2092,1232.07,369.62,73.92,24.64,19.71
2093,5000,2500,250,50,25
2094,30000,3000,500,300,150
2095,1250,250,50,10,5
2096,10000,1000,100,10,1
2097,733.74,240.47,147.98,37,14.8
2098,800,250,150,50,25
2099,219.63,43.93,19.77,8.79,4.39
2100,19999,2222,255,55,25
2101,1098.15,549.08,219.63,208.65,82.36
2102,10000,1000,120,50,40
2103,1000,200,150,50,10
2104,100000,10000,1000,100,10
2105,2466.35,369.95,123.32,30.83,6.17
2106,1200,480,150,50,15
2107,10000,1250,350,100,50
2108,2196.3,439.26,252.57,27.45,4.39
2109,3200,450,180,100,50
2110,1000,70,25,21,20
2111,10000,1200,170,24,2
2112,750,100,40,5,1
2113,2000,800,250,100,30
2114,950,180,45,30,20
2115,2000,150,50,10,5
2116,10000,2000,1000,500,200
2117,5000,400,250,45,20
2118,5000,500,250,50,10
2119,3294.45,329.45,87.85,65.89,54.91
2120,9358.43,1871.69,233.96,93.58,28.08
2121,150,50,25,10,5
2122,5400,180,75,40,5
2123,2000,250,120,100,70
2124,2000,750,200,100,50
2125,12320.72,1478.49,394.26,78.85,24.64
2126,2745.38,197.67,71.38,38.44,21.96
2127,3000,600,250,150,70
2128,10000,1500,500,150,50
2129,150,100,60,40,25
2130,710,533,355,249,178
2131,2196.3,878.52,219.63,109.82,54.91
2134,4000,500,80,25,10
2132,1233.17,369.95,172.64,49.33,37
2133,300,250,200,100,50
2135,1000,500,150,100,30
2136,2250,300,100,20,10
2137,5000,750,200,100,50
2139,3294.45,658.89,164.72,54.91,32.94
2138,503,502,501,500,1
2140,2000,500,90,15,3
2141,10000,800,300,80,35
2142,600,350,175,45,8
2143,10000,1800,500,300,100
2144,100000,15000,2500,250,25
2145,1200,150,30,20,10
2146,8000,650,200,100,70
2147,3756.13,638.54,131.46,56.34,22.54
2148,500,150,50,15,5
2149,30,25,20,10,3
2150,2332.07,560.59,204.52,102.02,34.01
2151,6165.87,1849.76,184.98,18.5,6.17
2152,7500,750,300,150,100
2153,200,100,50,20,10
2154,1750,175,105,45,20
2155,380,185,45,8,4
2156,800,300,50,7,1
2157,800,250,50,7,1
2158,2000,300,100,50,25
2159,3294.45,494.17,164.72,93.34,71.38
2160,1537.41,1206.87,120.8,65.89,43.93
2161,1000,200,30,10,9
2162,5000,1000,400,200,20
2163,54907.52,8236.13,1098.15,274.54,109.82
2164,5500,500,250,100,50
2165,2733.3,822.51,218.53,31.85,9.88
2166,2031.54,812.62,152.37,30.47,10.16
2167,700,75,30,20,15
2168,1499,899,699,299,99
2169,2500,1000,200,40,10
2170,8236.13,1647.23,329.45,82.36,16.47
2171,2000,500,200,100,45
2172,50000,10000,2000,250,35
2173,92,6,4,3,2
2174,3082.94,616.59,308.29,49.33,24.66
2175,250,80,25,10,5
2176,5000,500,100,50,20
2177,425,210,135,75,40
2178,1000,300,200,100,60
2179,1800,700,250,100,50
2180,5490.75,658.89,329.45,164.72,109.82
2181,1757.04,329.45,164.72,43.93,21.96
2182,405,135,45,15,5
2183,503,502,501,500,1
2184,2500,850,300,70,25
2185,3200,500,80,15,5
2186,400,300,250,100,30
2187,25000,2500,250,25,5
2188,375.61,75.12,37.56,22.54,15.02
2189,800,300,50,7,1
2190,2400,570,140,40,10
2191,1000,500,100,30,10
2192,2000,400,200,75,50
2193,658.89,164.72,54.91,21.96,3.29
2194,10981.5,1427.6,186.69,39.53,32.94
2195,1000,500,250,100,50
2196,1200,700,100,40,10
2197,3000,700,175,100,60
2198,460,300,140,39,22
2199,350,120,80,25,5
2200,3500,600,150,85,60
2202,2500,750,200,75,25
2201,3500,550,120,60,45
2203,12500,1250,130,13,10
2204,1050,120,50,25,20
2205,503,502,501,500,1
2207,1000,500,100,50,5
2206,15000,1500,400,85,25
2208,384.35,54.91,7.69,3.29,1.1
2209,1100,182,70,14,5
2210,10000,1500,250,90,20
2211,5004,704,71,16,4
2212,1800,400,150,80,30
2213,967.65,96.76,19.35,15.48,13.55
2214,1334.25,271.24,155.94,69.18,18.67
2215,1935.3,348.35,48.38,9.68,4.84
2216,5000,1250,200,100,75
2217,618.61,108.26,46.4,7.73,6.19
2218,4809.38,1048.2,221.97,55.49,18.5
2219,1000,300,100,20,5
2220,18780.67,1502.45,135.22,30.05,3
2221,5000,1000,150,20,10
2222,1000,150,80,60,40
2223,5000,1000,100,25,5
2224,4500,600,400,200,100
2225,2000,300,50,30,20
2226,5000,1000,500,200,100
2227,10000,1500,200,100,25
2228,5000,1500,250,40,10
2229,9000,1200,150,40,25
2230,1233.17,154.15,110.99,73.99,30.83
2231,500,200,120,40,20
2232,500,300,200,25,3
2233,2000,300,200,100,50
2234,6500,2000,500,120,80
2235,1000,300,50,25,10
2236,3000,1000,799,50,30
2237,1317.78,439.26,274.54,164.72,109.82
2238,503,502,501,500,1
2239,1500,700,400,20,10
2240,2500,500,100,40,15
2241,4500,725,250,35,5
2242,15000,1200,150,50,25
2243,5490.75,1032.26,301.99,175.7,164.72
2244,110,80,60,15,10
2245,2000,250,50,25,10
2246,751.23,225.37,45.07,11.27,2.25
2247,2300,600,200,60,20
2248,300,150,80,40,20
2249,5000,200,100,50,5
2250,10000,3000,300,50,25
2251,986.54,369.95,184.98,61.66,30.83
2252,1200,449,179,44,29
2253,1200,400,50,20,10
2254,600,350,80,30,20
2255,150,80,50,20,10
2256,15000,2000,225,25,3
2257,2000,500,300,200,70
2258,2589.67,1048.2,246.63,61.66,22.2
2259,2000,100,30,10,7
2260,527.11,87.85,43.93,13.18,7.69
2261,246.63,123.32,61.66,24.66,12.33
2262,1000,400,250,80,25
2263,300,90,50,30,10
2264,1000,500,50,10,5
2265,2000000,1000000,100,40,1
2266,800,200,50,20,5
2267,1000,150,100,50,10
2268,400,200,100,25,5
2269,2000,550,175,20,15
2270,3294.45,329.45,54.91,32.94,16.47
2271,1800,420,220,50,30
2272,8000,1000,100,15,10
2273,3200,400,300,250,150
2274,150000,15000,1500,150,15
2275,4300,725,150,45,17
2276,1000,200,75,35,10
2277,800,175,40,15,5
2278,972,180,90,45,9
2279,2000,350,75,25,15
2280,2000,250,75,20,10
2281,2000,300,200,150,125
2282,2000,400,80,20,3
2283,40000,4000,400,40,10
2284,500,200,100,50,10
2285,384.35,219.63,109.82,43.93,16.47
2286,500,100,25,8,4
2287,1098.15,439.26,164.72,43.93,27.45
2288,988.34,384.35,109.82,32.94,10.98
2289,900,400,200,50,20
2290,2500,750,250,50,30
2292,2000,600,204,117,35
2293,1500,250,100,25,20
2291,1500,300,150,25,10
2294,12331.75,3082.94,1233.17,431.61,184.98
2295,616.59,246.63,24.66,12.33,2.47
2296,1475,473,151,49,20
2297,500,300,240,50,15
2298,10000,1750,225,32,4
2299,2500,500,50,10,5
2300,13500,2500,450,120,50
2301,1233.17,431.61,123.32,61.66,30.83
2302,1000,500,100,50,25
2303,2500,250,85,55,25
2304,500,200,40,3,1
2305,5000,1500,400,50,10
2307,8000,1200,600,200,100
2306,200,125,24,5,1
2308,2000,250,50,15,3
2309,1500,150,75,50,20
2311,700,300,150,50,25
2310,7500,750,150,20,15
2312,400,80,25,15,5
2313,1000,500,250,100,10
2314,6165.87,616.59,98.65,61.66,37
2315,2000,650,150,50,25
2316,5000,500,150,75,25
2317,3000,505,55,30,10
2318,3500,500,250,150,100
2319,5995,450,100,30,5
2320,2196.3,878.52,164.72,32.94,16.47
2321,750,250,100,50,10
2322,1000,180,70,14,5
2323,500,250,25,20,15
2324,1000,400,250,100,10
2325,3000,500,200,50,30
2327,1000,500,200,75,60
2326,70,60,30,20,10
2328,20000,2000,149,49,25
2329,3000,300,175,150,40
2330,500,300,125,100,50
2331,700,175,45,25,15
2332,1690.03,169,40.56,6.76,1.35
2333,3082.94,616.59,246.63,92.49,61.66
2334,1000,250,100,50,25
2335,8000,1000,300,150,75
2336,2500,750,250,100,50
2337,1200,600,300,60,25
2338,1000,250,50,10,2
2339,2500,250,50,35,20
2340,1500,400,50,30,25
2341,67.6,27.04,13.52,6.76,3.38
2342,200,25,10,5,1
2343,3000,500,175,100,25
2344,20000,2500,400,100,20
2345,100,50,20,10,1
2346,9000,900,200,50,35
2347,2200,830,300,100,40
2348,6750,750,200,100,75
2349,2000,250,50,10,4
2350,180,18,3,2,1
2351,5000,1000,150,50,20
2352,5000,850,112,14,4
2353,2500,250,25,10,5
2355,16.18,2.26,1.29,0.65,0.49
2354,2500,1000,500,250,150
2356,3200,350,90,40,10
2357,850,450,168,90,48
2358,5250,450,100,25,10
2359,7000,2000,200,12,6
2360,2500,500,187,20,15
2361,10589.6,2117.92,352.99,70.6,14.12
2362,700,250,150,100,50
2363,1400,500,230,100,50
2364,445,100,30,10,3
2365,3294.45,1098.15,549.08,329.45,197.67
2366,500,50,25,5,1
2367,1500,280,60,13,3
2368,4000,400,150,30,12
2369,5,4,3,2,1
2370,1000,40,20,10,5
2371,1000,600,300,40,20
2372,1098.15,439.26,164.72,27.45,5.49
2373,2000,700,200,190,30
2374,2000,1000,175,100,35
2375,1000,500,150,60,30
2376,25000,3000,650,80,15
2377,15000,500,100,16,6
2378,1233.17,616.59,123.32,73.99,37
2379,1647.23,384.35,54.91,38.44,21.96
2380,120,70,50,30,5
2381,1000,500,300,120,45
2382,2000,1000,500,200,50
2383,329.45,131.78,65.89,32.94,16.47
2384,5000,500,100,50,25
2385,4000,250,40,10,5
2386,2500,750,250,50,25
2387,17500,1000,60,6,1
2388,4000,600,120,60,15
2389,3500,700,300,200,100
2390,5000,1250,250,50,10
2391,7950,1500,250,25,3
2392,10000,1000,600,400,250
2393,1400,175,125,75,35
2394,10981.5,1427.6,164.72,32.94,10.98
2395,2490,365,45,19,2
2396,750,500,100,75,20
2397,4000,600,300,150,75
2398,1848.53,492.04,147.98,49.33,18.5
2399,2500,1200,700,200,30
2400,369.95,246.63,123.32,73.99,37
2401,8000,1500,250,50,10
2402,6000,700,80,9,1
2403,1500,700,250,150,25
2404,10981.5,1098.15,494.17,384.35,329.45
2405,150,100,75,50,35
2406,863.22,110.99,49.33,12.33,3.7
2407,2000,300,90,60,25
2408,4400,450,50,6,4
2409,900,250,50,5,1
2410,650,50,15,6,2
2411,493.27,123.32,43.16,12.33,6.17
2412,2500,500,100,10,5
2413,100,70,20,8,5
2414,1000,450,100,25,5
2415,3156.62,1578.31,599.76,189.4,63.13
2416,1098.15,878.52,439.26,329.45,274.54
2417,500,150,30,8,1
2418,4500,600,60,20,3
2419,3000,750,100,30,10
2420,500,260,40,12,4
2421,3000,500,90,15,2
2422,16900.26,1690.03,169,33.8,16.9
2423,1000,400,125,65,35
2424,10550,1600,250,200,180
2425,1400,225,49,14,2
2426,500,200,75,25,1
2427,2000,800,250,100,50
2428,3000,500,150,50,20
2429,7500,1250,750,250,100
2430,525,75,30,25,5
2431,308.29,184.98,123.32,86.32,61.66
2432,1000,125,50,20,10
2433,1000,250,100,20,5
2434,150,100,75,50,35
2435,500,250,75,25,10
2436,1000,250,100,50,40
2437,600,300,75,40,5
2439,30000,3500,300,150,100
2438,1750,750,200,100,50
2441,1500,500,250,150,75
2442,450,140,45,15,4
2440,1356.49,308.29,234.3,123.32,98.65
2443,2500,750,200,100,50
2445,1500,250,75,20,5
2446,1500,250,50,25,10
2447,3000,600,175,120,80
2444,549.08,274.54,54.91,32.94,16.47
2448,5000,1200,350,120,45
2449,1647.23,658.89,329.45,274.54,109.82
2450,1500,600,300,200,70
2451,20000,500,75,10,5
2452,250,150,75,50,20
2453,16472.26,2361.02,384.35,76.87,10.98
2454,800,500,250,50,15
2455,400,220,100,50,30
2456,2196.3,878.52,439.26,54.91,8.79
2457,3500,700,300,75,25
2458,1300,450,180,70,20
2459,1000,100,25,15,5
2460,5000,1000,350,100,50
2461,713.8,274.54,137.27,87.85,21.96
2462,12.71,7.63,5.09,2.54,0.25
2463,18000,1900,200,40,12
2464,1000,125,60,40,20
2465,1000,350,200,150,15
2466,3500,800,145,25,3
2467,6160.36,739.24,123.21,49.28,24.64
2468,200,70,18,8,3
2469,10000,1000,102,10,1
2470,5000,1000,300,100,10
2471,2600,500,250,160,14
2472,616.59,295.96,147.98,49.33,24.66
2473,5000,250,50,10,5
2474,2500,250,35,5,1
2475,2500,1200,140,80,25
2476,3000,680,150,35,10
2477,1000,900,175,65,40
2478,3000,800,100,20,10
2479,5490.75,549.08,164.72,54.91,10.98
2480,6000,500,150,50,20
2481,332.6,102.34,46.05,15.35,2.56
2482,10000,1500,1000,500,200
2483,500,250,100,20,1
2484,10000,5000,500,100,50
2485,2253.68,751.23,150.25,18.78,3.76
2486,37000,3750,375,100,50
2487,5000,1250,100,25,12
2488,3500,1500,350,80,10
2489,1500,500,125,55,25
2490,3000,300,160,35,20
2491,7500,700,150,60,10
2492,90,75,50,35,20
2493,8000,1500,200,25,15
2494,3300,500,150,40,25
2495,1500,500,200,100,50
2496,5000,1000,200,45,4
2497,3000,250,25,2,1
2498,700,250,150,70,25
2499,2000,500,100,50,20
2500,1300,350,200,75,30
2501,500,75,45,20,15
2502,1250,399,195,125,50
2503,5500,900,290,40,35
2504,1000,300,150,50,20
2505,6313.24,631.32,220.96,47.35,44.19
2506,450,90,25,10,3
2507,2500,300,30,20,10
2508,300,150,125,50,25
2509,2745.38,549.08,164.72,54.91,21.96
2510,500,100,80,60,15
2511,1500,500,160,100,50
2512,3000,750,250,125,75
2513,1000,100,85,75,50
2514,9000,1350,350,50,15
2515,2000,300,50,10,2
2516,5000,1000,250,80,10
2517,500,200,150,125,100
2518,5000,500,100,50,30
2519,1500,350,75,25,15
2520,10000,1000,100,10,2
2521,4000,800,300,150,75
2522,650,350,75,8,6
2523,1000,600,150,20,15
2524,1600,1000,500,100,50
2525,185,50,35,20,10
2526,2745.38,384.35,192.18,71.38,24.16
2527,1537.41,461.22,109.82,38.44,16.47
2528,3300,600,200,100,60
2529,1976.67,823.61,549.08,439.26,329.45
2530,2000,500,75,10,5
2531,6000,400,200,150,30
2532,5000,500,50,5,1
2533,5000,700,75,8,1
2534,2000,750,100,50,20
2535,6165.87,1233.17,308.29,184.98,123.32
2536,400,280,110,80,20
2537,1000,150,75,50,25
2538,3000,2000,1500,1000,750
2539,180,85,50,35,20
2540,901.47,450.74,112.68,18.78,7.51
2541,2745.38,494.17,197.67,10.98,8.79
2542,2464.14,1232.07,246.41,73.92,12.32
2543,3500,500,200,50,35
2544,254.28,178,20.34,2.54,0.25
2545,15000,1000,500,100,17
2546,1921.76,823.61,329.45,164.72,82.36
2547,1500,300,100,40,20
2548,3500,600,220,90,60
2549,2000,250,150,25,5
2550,5000,750,250,60,5
2551,2000,200,20,2,1
2552,20000,2000,500,50,10
2553,7392.43,1478.49,184.81,73.92,61.6
2554,2500,1000,175,100,20
2555,4941.68,1647.23,823.61,164.72,82.36
2556,1098.15,549.08,109.82,10.98,2.2
2557,20000,2000,200,50,10
2558,700,500,150,50,20
2559,1098.15,384.35,87.85,21.96,10.98
2560,3699.52,369.95,61.66,37,12.33
2561,1000,600,150,40,5
2562,10000,1000,100,10,1
2563,4000,800,150,50,25
2564,4500,600,60,20,3
2565,2000,500,250,100,50
2566,2750,550,200,85,50
2567,200,50,20,10,5
2568,500,250,100,25,10
2569,616.59,308.29,30.83,12.33,6.17
2570,2200,325,75,12,5
2571,5000,250,50,20,5
2572,8632.22,1479.81,493.27,184.98,37
2573,1375,500,150,60,40
2574,1000,150,65,40,20
2575,900,80,60,25,10
2576,500,100,50,30,25
2577,2196.3,988.34,274.54,82.36,32.94
2578,70,40,20,10,5
2579,901.47,67.61,22.54,6.01,3
2580,1317.78,614.96,362.39,181.19,82.36
2581,3328.34,230.6,73.99,24.66,6.17
2582,761.42,300.63,70.23,19.71,4.93
2583,2500,1750,750,250,150
2584,1500,500,150,75,50
2585,300,200,100,50,30
2586,1250,150,20,5,1
2587,1500,250,75,50,30
2588,5078.85,1015.77,177.76,18.28,5.08
2589,1500,500,150,50,20
2590,1000,500,200,100,50
2591,5000,2250,500,200,30
2592,2196.3,131.78,65.89,27.45,21.96
2593,975,150,75,25,5
2594,150,80,50,25,10
2596,270.4,54.08,20.28,13.52,3.38
2595,801.56,166.48,73.99,24.66,6.17
2597,6000,1500,200,20,10
2598,2000,500,200,50,25
2599,1200,800,400,150,50
2601,2500,300,110,105,50
2602,5000,2000,350,45,10
2600,1200,300,150,75,35
2603,500,100,50,25,10
2604,4200,840,180,30,6
2605,1523.66,507.89,203.15,101.58,50.79
2607,1100,250,200,150,100
2606,5000,2500,1000,100,10
2608,2100,800,300,135,100
2609,1485,473,151,45,15
2610,1000,150,70,30,20
2611,1500,180,25,5,2
2612,4000,1200,400,100,20
2614,96,48,24,12,6
2613,1500,250,150,75,10
2615,1500,400,100,15,5
2616,12300,1250,125,25,10
2617,1000,500,150,40,18
2618,5000,1000,50,12,2
2620,2000,200,50,25,10
2619,1750,250,100,50,20
2621,631.32,473.49,315.66,31.57,12.63
2622,2500,1000,200,75,25
2624,1479.81,739.9,308.29,37,6.17
2623,1000,500,250,100,10
2625,965,147,65,25,5
2626,2196.3,384.35,131.78,54.91,21.96
2627,6000,750,120,99,50
2628,1000,250,100,50,25
2629,3555.2,812.62,457.1,355.52,203.15
2630,500,150,30,15,5
2632,5000,750,350,25,10
2631,800,475,200,75,30
2633,2500,1000,300,100,50
2634,5000,1250,250,100,50
2637,2500,600,150,70,30
2635,3500,750,350,120,15
2636,4000,500,40,10,5
2638,3600,600,250,90,50
2639,493.27,246.63,73.99,12.33,3.7
2640,665,190,60,15,10
2641,3200,335,36,10,5
2642,15000,1750,200,45,5
2643,1849.76,246.63,55.49,24.66,2.47
2644,2500,400,100,50,25
2645,2117.92,705.97,169.43,63.54,42.36
2646,1690.03,473.21,101.4,43.94,13.52
2647,600,110,20,10,5
2648,2000,300,100,75,50
2649,725,430,265,130,110
2650,15000,1500,300,150,100
2651,1500,500,300,225,150
2652,2500,500,30,10,5
2653,3000,800,200,60,20
2654,1500,500,150,50,20
2655,1487.22,473.21,169,67.6,27.04
2656,4000,500,200,100,50
2657,100,20,5,2,1
2658,900,300,200,150,100
2659,3250,350,35,30,25
2660,400,200,100,20,10
2661,130,70,30,12,6
2662,120,60,25,10,5
2663,1000,300,35,25,20
2664,3000,700,100,75,50
2665,1000,250,75,25,10
2666,5000,850,250,150,50
2667,3700,500,250,200,150
2668,2000,1000,400,300,250
2669,1500,125,50,15,10
2670,700,300,140,40,5
2671,500,200,60,35,15
2672,5000,700,100,25,10
2673,8632.22,739.9,98.65,18.5,6.17
2674,4392.6,1098.15,164.72,137.27,109.82
2675,3000,1500,400,200,150
2676,7000,800,100,45,15
2677,8785.2,768.71,549.08,219.63,54.91
2678,3699.52,400.78,80.16,55.49,37
2679,6500,700,80,10,5
2680,1372.69,549.08,274.54,164.72,82.36
2681,70000,10000,1500,200,30
2682,400,150,75,25,10
2683,5000,500,50,5,1
2684,17264.45,1973.08,320.63,32.06,3.7
2685,2000,350,40,20,2
2686,100,90,80,70,60
2687,5000,1500,250,100,50
2688,1500,550,300,150,7
2689,3600,630,180,90,45
2690,658.89,219.63,65.89,27.45,10.98
2691,1700,500,350,100,59
2692,2500,750,500,200,50
2693,1233.17,616.59,493.27,61.66,37
2694,750,60,40,25,20
2695,900,365,250,100,50
2696,1000,450,150,50,20
2697,11000,1870,223,37,11
2698,2000,500,250,100,50
2699,10000,1000,200,150,100
2700,5000,500,100,25,5
2701,4392.6,988.34,494.17,329.45,219.63
2702,3000,500,100,25,10
2703,3391.23,869.39,223.2,57.96,17.26
2704,6165.87,616.59,61.66,6.17,3.7
2705,10000,800,250,150,50
2706,2745.38,988.34,384.35,164.72,32.94
2707,3158,1170,158,59,49
2708,4392.6,549.08,131.78,109.82,87.85
2709,3000,1500,1000,450,400
2710,7137.98,713.8,120.8,16.47,10.98
2711,15152,1515,152,15,2
2712,3843.53,307.48,82.36,38.44,16.47
2713,5200,900,275,75,20
2714,500,150,50,25,10
2715,1647.23,549.08,109.82,54.91,10.98
2716,4200,460,50,10,5
2717,1098.15,131.78,32.94,10.98,5.49
2718,4900,980,150,50,20
2719,3294.45,549.08,82.36,16.47,10.98
2720,10000,1000,100,10,1
2721,1500,650,225,150,20
2722,200,70,40,30,20
2723,2500,500,150,50,10
2724,350,100,85,80,60